1
0 0 0 0 0 0 0 0 0 0 0 0 0 0 0 0 0 0 0 0 0 0 0 0 0 0 0 0 
0 0 0 0 0 0 0 0 0 0 0 0 0 0 0 0 0 0 0 0 0 0 0 0 0 0 0 0 
0 0 0 0 0 0 0 0 0 0 0 0 0 0 0 0 0 0 0 0 0 0 0 0 0 0 0 0 
0 0 0 0 0 0 0 0 0 0 0 0 0 0 0 0 0 0 0 0 0 0 0 0 0 0 0 0 
0 0 0 0 0 0 0 0 0 0 0 0 0 0 0 0 0 0 0 0 0 0 0 0 0 0 0 0 
0 0 0 0 0 0 0 0 0 0 0 0 0 0 0 0 0 0 0 0 0 0 0 0 0 0 0 0 
0 0 0 0 0 0 0 0 0 0 0 0 0 0.176 0.702 0.667 0.0745 0 0 0 0 0 0 0 0 0 0 0 
0 0 0 0 0 0 0 0 0 0 0 0 0 0.604 0.996 0.996 0.271 0 0 0 0 0 0 0 0 0 0 0 
0 0 0 0 0 0 0 0 0 0 0 0 0 0.471 0.996 0.996 0.565 0 0 0 0 0 0 0 0 0 0 0 
0 0 0 0 0 0 0 0 0 0 0 0 0 0.275 0.996 0.996 0.502 0 0 0 0 0 0 0 0 0 0 0 
0 0 0 0 0 0 0 0 0 0 0 0 0 0.275 1 1 0.404 0 0 0 0 0 0 0 0 0 0 0 
0 0 0 0 0 0 0 0 0 0 0 0 0 0.125 0.945 0.996 0.271 0 0 0 0 0 0 0 0 0 0 0 
0 0 0 0 0 0 0 0 0 0 0 0 0 0.227 0.98 0.996 0.271 0 0 0 0 0 0 0 0 0 0 0 
0 0 0 0 0 0 0 0 0 0 0 0 0 0.275 0.996 0.996 0.271 0 0 0 0 0 0 0 0 0 0 0 
0 0 0 0 0 0 0 0 0 0 0 0 0 0.275 0.996 0.965 0.173 0 0 0 0 0 0 0 0 0 0 0 
0 0 0 0 0 0 0 0 0 0 0 0 0 0.604 0.996 0.996 0.271 0 0 0 0 0 0 0 0 0 0 0 
0 0 0 0 0 0 0 0 0 0 0 0 0 0.635 0.996 0.953 0.149 0 0 0 0 0 0 0 0 0 0 0 
0 0 0 0 0 0 0 0 0 0 0 0 0 0.635 0.996 0.902 0 0 0 0 0 0 0 0 0 0 0 0 
0 0 0 0 0 0 0 0 0 0 0 0 0 0.635 0.996 0.576 0 0 0 0 0 0 0 0 0 0 0 0 
0 0 0 0 0 0 0 0 0 0 0 0 0 0.835 0.996 0.18 0 0 0 0 0 0 0 0 0 0 0 0 
0 0 0 0 0 0 0 0 0 0 0 0 0 0.996 0.976 0.165 0 0 0 0 0 0 0 0 0 0 0 0 
0 0 0 0 0 0 0 0 0 0 0 0 0 0.996 0.812 0 0 0 0 0 0 0 0 0 0 0 0 0 
0 0 0 0 0 0 0 0 0 0 0 0 0 0.537 0.816 0 0 0 0 0 0 0 0 0 0 0 0 0 
0 0 0 0 0 0 0 0 0 0 0 0 0 0.275 0.847 0.0353 0 0 0 0 0 0 0 0 0 0 0 0 
0 0 0 0 0 0 0 0 0 0 0 0 0 0.251 0.988 0.18 0 0 0 0 0 0 0 0 0 0 0 0 
0 0 0 0 0 0 0 0 0 0 0 0 0 0 0.38 0.18 0 0 0 0 0 0 0 0 0 0 0 0 
0 0 0 0 0 0 0 0 0 0 0 0 0 0 0 0 0 0 0 0 0 0 0 0 0 0 0 0 
0 0 0 0 0 0 0 0 0 0 0 0 0 0 0 0 0 0 0 0 0 0 0 0 0 0 0 0 
3
0 0 0 0 0 0 0 0 0 0 0 0 0 0 0 0 0 0 0 0 0 0 0 0 0 0 0 0 
0 0 0 0 0 0 0 0 0 0 0 0 0 0 0 0 0 0 0 0 0 0 0 0 0 0 0 0 
0 0 0 0 0 0 0 0 0 0 0 0 0 0 0 0 0 0 0 0 0 0 0 0 0 0 0 0 
0 0 0 0 0 0 0 0 0 0 0 0 0 0 0 0 0 0 0 0 0 0 0 0 0 0 0 0 
0 0 0 0 0 0 0 0 0 0 0 0 0.125 0.388 0.71 0.996 0.996 0.875 0.471 0 0 0 0 0 0 0 0 0 
0 0 0 0 0 0 0 0 0 0 0.165 0.69 0.973 0.996 0.992 0.996 0.827 0.996 0.992 0.165 0 0 0 0 0 0 0 0 
0 0 0 0 0 0 0 0 0 0.349 0.996 1 0.875 0.529 0.204 0 0 0.714 0.996 0.569 0 0 0 0 0 0 0 0 
0 0 0 0 0 0 0 0 0 0.184 0.831 0.388 0.0196 0 0 0 0 0.71 0.992 0.569 0 0 0 0 0 0 0 0 
0 0 0 0 0 0 0 0 0 0 0 0 0 0 0 0 0 0.831 0.992 0.369 0 0 0 0 0 0 0 0 
0 0 0 0 0 0 0 0 0 0 0 0 0 0 0 0 0.412 0.996 0.992 0.0431 0 0 0 0 0 0 0 0 
0 0 0 0 0 0 0 0 0 0 0 0 0 0 0 0.106 0.835 0.996 0.467 0 0 0 0 0 0 0 0 0 
0 0 0 0 0 0 0 0 0 0 0 0 0 0 0.165 0.835 0.992 0.749 0.0627 0 0 0 0 0 0 0 0 0 
0 0 0 0 0 0 0 0 0 0 0 0 0.0431 0.388 0.957 0.996 0.627 0.0824 0 0 0 0 0 0 0 0 0 0 
0 0 0 0 0 0 0 0 0 0 0.165 0.612 0.894 0.996 0.992 0.914 0.145 0 0 0 0 0 0 0 0 0 0 0 
0 0 0 0 0 0 0 0 0 0 0.773 0.996 0.996 0.996 0.996 0.996 0.996 0.369 0 0 0 0 0 0 0 0 0 0 
0 0 0 0 0 0 0 0 0 0 0.286 0.671 0.345 0.141 0.224 0.545 0.953 0.976 0.204 0 0 0 0 0 0 0 0 0 
0 0 0 0 0 0 0 0 0 0 0 0 0 0 0 0 0.247 0.996 0.831 0 0 0 0 0 0 0 0 0 
0 0 0 0 0 0 0 0 0 0 0 0 0 0 0 0 0 0.749 0.992 0 0 0 0 0 0 0 0 0 
0 0 0 0 0 0 0 0 0 0 0 0 0 0 0 0 0 0.714 0.996 0 0 0 0 0 0 0 0 0 
0 0 0 0 0 0 0 0 0 0 0 0 0 0 0 0 0.0824 0.957 0.91 0 0 0 0 0 0 0 0 0 
0 0 0 0 0 0 0 0.106 0.349 0.0627 0.0235 0 0 0 0 0.227 0.835 0.996 0.306 0 0 0 0 0 0 0 0 0 
0 0 0 0 0 0 0.00392 0.831 0.992 0.753 0.0627 0 0 0.0431 0.608 0.957 0.992 0.467 0.0196 0 0 0 0 0 0 0 0 0 
0 0 0 0 0 0 0.329 0.996 0.875 0.0824 0.125 0.471 0.71 0.996 0.996 0.773 0.165 0 0 0 0 0 0 0 0 0 0 0 
0 0 0 0 0 0 0.812 0.992 0.953 0.855 0.973 0.996 0.992 0.671 0.345 0.0431 0 0 0 0 0 0 0 0 0 0 0 0 
0 0 0 0 0 0 0 0 0 0 0 0 0 0 0 0 0 0 0 0 0 0 0 0 0 0 0 0 
0 0 0 0 0 0 0 0 0 0 0 0 0 0 0 0 0 0 0 0 0 0 0 0 0 0 0 0 
0 0 0 0 0 0 0 0 0 0 0 0 0 0 0 0 0 0 0 0 0 0 0 0 0 0 0 0 
0 0 0 0 0 0 0 0 0 0 0 0 0 0 0 0 0 0 0 0 0 0 0 0 0 0 0 0 
6
0 0 0 0 0 0 0 0 0 0 0 0 0 0 0 0 0 0 0 0 0 0 0 0 0 0 0 0 
0 0 0 0 0 0 0 0 0 0 0 0 0 0 0 0 0 0 0 0 0 0 0 0 0 0 0 0 
0 0 0 0 0 0 0 0 0 0 0 0 0 0 0 0 0 0 0 0 0 0 0 0 0 0 0 0 
0 0 0 0 0 0 0 0 0 0 0 0 0 0.0431 0.518 0.839 0.992 0.482 0 0 0 0 0 0 0 0 0 0 
0 0 0 0 0 0 0 0 0 0 0 0 0 0.678 0.988 0.992 0.988 0.635 0 0 0 0 0 0 0 0 0 0 
0 0 0 0 0 0 0 0 0 0 0 0 0.639 0.996 0.992 0.796 0.239 0 0 0 0 0 0 0 0 0 0 0 
0 0 0 0 0 0 0 0 0 0 0 0.322 0.953 0.992 0.831 0.0784 0 0 0 0 0 0 0 0 0 0 0 0 
0 0 0 0 0 0 0 0 0 0 0 0.839 0.992 0.957 0.318 0 0 0 0 0 0 0 0 0 0 0 0 0 
0 0 0 0 0 0 0 0 0 0 0 0.992 0.988 0.635 0 0 0 0 0 0 0 0 0 0 0 0 0 0 
0 0 0 0 0 0 0 0 0 0 0.243 0.996 0.992 0.322 0 0 0 0 0 0 0 0 0 0 0 0 0 0 
0 0 0 0 0 0 0 0 0 0 0.718 0.992 0.671 0 0 0 0 0 0 0 0 0 0 0 0 0 0 0 
0 0 0 0 0 0 0 0 0 0.204 0.992 0.996 0.196 0 0 0 0 0 0 0 0 0 0 0 0 0 0 0 
0 0 0 0 0 0 0 0 0 0.2 0.988 0.992 0.196 0 0 0 0 0 0 0 0 0 0 0 0 0 0 0 
0 0 0 0 0 0 0 0 0 0.443 0.992 0.796 0 0 0 0 0 0 0 0 0 0 0 0 0 0 0 0 
0 0 0 0 0 0 0 0 0 0.914 0.988 0.796 0 0 0 0 0 0 0 0 0 0 0 0 0 0 0 0 
0 0 0 0 0 0 0 0 0 0.996 0.992 0.796 0 0 0 0.2 0.596 0.996 0.675 0.243 0 0 0 0 0 0 0 0 
0 0 0 0 0 0 0 0 0 0.992 0.988 0.635 0 0.243 0.557 0.914 0.988 0.992 0.988 0.796 0.0784 0 0 0 0 0 0 0 
0 0 0 0 0 0 0 0 0 0.918 0.992 0.796 0.322 0.839 0.992 0.878 0.635 0.482 0.953 0.996 0.592 0 0 0 0 0 0 0 
0 0 0 0 0 0 0 0 0 0.596 0.988 0.875 0.875 0.753 0.435 0.0784 0 0 0.318 0.992 0.592 0 0 0 0 0 0 0 
0 0 0 0 0 0 0 0 0 0.161 0.953 1 0.835 0.243 0 0 0 0 0 1 0.835 0 0 0 0 0 0 0 
0 0 0 0 0 0 0 0 0 0 0.157 0.992 0.988 0.875 0.478 0.322 0 0 0.482 0.992 0.988 0 0 0 0 0 0 0 
0 0 0 0 0 0 0 0 0 0 0 0.0824 0.718 1 0.992 1 0.992 1 0.992 1 0.514 0 0 0 0 0 0 0 
0 0 0 0 0 0 0 0 0 0 0 0 0 0.439 0.753 0.992 0.988 0.992 0.988 0.357 0.0392 0 0 0 0 0 0 0 
0 0 0 0 0 0 0 0 0 0 0 0 0 0 0 0 0 0 0 0 0 0 0 0 0 0 0 0 
0 0 0 0 0 0 0 0 0 0 0 0 0 0 0 0 0 0 0 0 0 0 0 0 0 0 0 0 
0 0 0 0 0 0 0 0 0 0 0 0 0 0 0 0 0 0 0 0 0 0 0 0 0 0 0 0 
0 0 0 0 0 0 0 0 0 0 0 0 0 0 0 0 0 0 0 0 0 0 0 0 0 0 0 0 
0 0 0 0 0 0 0 0 0 0 0 0 0 0 0 0 0 0 0 0 0 0 0 0 0 0 0 0 
4
0 0 0 0 0 0 0 0 0 0 0 0 0 0 0 0 0 0 0 0 0 0 0 0 0 0 0 0 
0 0 0 0 0 0 0 0 0 0 0 0 0 0 0 0 0 0 0 0 0 0 0 0 0 0 0 0 
0 0 0 0 0 0 0 0 0 0 0 0 0 0 0 0 0 0 0 0 0 0 0 0 0 0 0 0 
0 0 0 0 0 0 0 0 0 0 0 0 0 0 0 0 0 0 0 0 0 0 0 0 0 0 0 0 
0 0 0 0 0 0 0 0 0.514 0.576 0.0275 0 0 0 0 0 0 0 0.553 0.973 0.278 0 0 0 0 0 0 0 
0 0 0 0 0 0 0 0 0.847 0.996 0.518 0 0 0 0 0 0 0.0784 0.922 0.941 0.325 0 0 0 0 0 0 0 
0 0 0 0 0 0 0 0 0.286 0.996 0.761 0 0 0 0 0 0 0.122 0.996 0.965 0.161 0 0 0 0 0 0 0 
0 0 0 0 0 0 0 0 0.106 0.957 0.906 0.0627 0 0 0 0 0 0.122 0.996 0.996 0.463 0 0 0 0 0 0 0 
0 0 0 0 0 0 0 0 0.165 0.973 0.996 0.302 0 0 0 0 0 0.122 0.996 0.996 0.275 0 0 0 0 0 0 0 
0 0 0 0 0 0 0 0 0.275 0.996 0.996 0.439 0 0 0 0 0 0.204 0.996 0.996 0.255 0 0 0 0 0 0 0 
0 0 0 0 0 0 0 0 0.275 0.996 0.996 0.439 0 0 0 0 0 0.345 0.996 0.996 0.255 0 0 0 0 0 0 0 
0 0 0 0 0 0 0 0 0.275 0.996 0.996 0.373 0 0 0 0 0 0.463 0.996 0.953 0.118 0 0 0 0 0 0 0 
0 0 0 0 0 0 0 0 0.565 0.996 0.871 0.0471 0 0 0 0 0 0.522 0.996 0.914 0 0.0745 0.298 0 0 0 0 0 
0 0 0 0 0 0 0 0 0.784 0.996 0.761 0 0 0 0 0 0.0235 0.831 0.996 0.957 0.533 0.906 0.906 0 0 0 0 0 
0 0 0 0 0 0 0 0.243 0.988 0.996 0.761 0 0 0 0 0 0.137 0.996 0.996 0.996 0.996 0.922 0.204 0 0 0 0 0 
0 0 0 0 0 0 0 0.337 0.996 0.996 0.439 0 0 0.0275 0.196 0.478 0.776 0.996 0.996 0.988 0.584 0.114 0 0 0 0 0 0 
0 0 0 0 0 0 0 0.667 0.996 0.969 0.102 0.122 0.192 0.675 0.996 0.996 0.996 0.996 0.996 0.6 0 0 0 0 0 0 0 0 
0 0 0 0 0 0 0.137 0.98 0.996 0.941 0.831 0.996 0.996 0.996 0.996 0.914 0.98 0.996 0.988 0.212 0 0 0 0 0 0 0 0 
0 0 0 0 0 0 0.31 0.996 0.996 0.996 0.996 0.996 0.98 0.733 0.286 0.0392 0.816 0.996 0.894 0 0 0 0 0 0 0 0 0 
0 0 0 0 0 0 0.286 0.973 0.996 0.996 0.937 0.549 0.204 0 0 0 0.816 0.996 0.894 0 0 0 0 0 0 0 0 0 
0 0 0 0 0 0 0 0.173 0.271 0.271 0.0235 0 0 0 0 0 0.816 0.996 0.894 0 0 0 0 0 0 0 0 0 
0 0 0 0 0 0 0 0 0 0 0 0 0 0 0 0.11 0.945 0.996 0.894 0 0 0 0 0 0 0 0 0 
0 0 0 0 0 0 0 0 0 0 0 0 0 0 0 0.157 1 0.996 0.89 0 0 0 0 0 0 0 0 0 
0 0 0 0 0 0 0 0 0 0 0 0 0 0 0 0.157 0.996 0.957 0.255 0 0 0 0 0 0 0 0 0 
0 0 0 0 0 0 0 0 0 0 0 0 0 0 0 0 0 0 0 0 0 0 0 0 0 0 0 0 
0 0 0 0 0 0 0 0 0 0 0 0 0 0 0 0 0 0 0 0 0 0 0 0 0 0 0 0 
0 0 0 0 0 0 0 0 0 0 0 0 0 0 0 0 0 0 0 0 0 0 0 0 0 0 0 0 
0 0 0 0 0 0 0 0 0 0 0 0 0 0 0 0 0 0 0 0 0 0 0 0 0 0 0 0 
8
0 0 0 0 0 0 0 0 0 0 0 0 0 0 0 0 0 0 0 0 0 0 0 0 0 0 0 0 
0 0 0 0 0 0 0 0 0 0 0 0 0 0 0 0 0 0 0 0 0 0 0 0 0 0 0 0 
0 0 0 0 0 0 0 0 0 0 0 0 0 0 0 0 0 0 0 0 0 0 0 0 0 0 0 0 
0 0 0 0 0 0 0 0 0 0 0 0 0 0 0 0 0 0 0 0 0 0 0 0 0 0 0 0 
0 0 0 0 0 0 0 0 0 0 0 0 0 0 0 0 0 0 0 0 0 0 0 0 0 0 0 0 
0 0 0 0 0 0 0 0 0 0 0 0 0 0.0431 0.51 0.412 0.58 0.788 0.718 0.408 0.0706 0 0 0 0 0 0 0 
0 0 0 0 0 0 0 0 0 0 0 0 0.514 0.808 0.988 0.992 0.988 0.988 0.988 0.988 0.851 0.608 0.0275 0 0 0 0 0 
0 0 0 0 0 0 0 0 0 0 0.122 0.808 0.984 0.988 0.988 0.961 0.988 0.988 0.988 0.988 0.992 0.988 0.29 0 0 0 0 0 
0 0 0 0 0 0 0 0 0 0.106 0.855 0.988 0.867 0.467 0.329 0.192 0.329 0.365 0.906 0.988 0.992 0.906 0.2 0 0 0 0 0 
0 0 0 0 0 0 0 0 0.106 0.827 0.925 0.576 0.114 0 0 0 0 0 0.663 0.988 0.992 0.659 0 0 0 0 0 0 
0 0 0 0 0 0 0 0.153 0.992 0.992 0.831 0 0 0 0 0 0 0.365 0.855 0.992 0.969 0.38 0 0 0 0 0 0 
0 0 0 0 0 0 0 0.361 0.988 0.988 0.953 0.325 0 0 0 0 0.392 0.969 0.988 0.988 0.38 0 0 0 0 0 0 0 
0 0 0 0 0 0 0 0.00784 0.655 0.988 0.992 0.965 0.529 0.165 0 0.224 0.969 0.988 0.831 0.322 0 0 0 0 0 0 0 0 
0 0 0 0 0 0 0 0 0.0824 0.776 0.992 0.988 0.988 0.667 0.424 0.992 0.988 0.867 0.247 0 0 0 0 0 0 0 0 0 
0 0 0 0 0 0 0 0 0 0.243 0.992 0.988 0.988 0.988 0.988 0.992 0.851 0.114 0 0 0 0 0 0 0 0 0 0 
0 0 0 0 0 0 0 0 0 0 0.141 0.953 0.992 0.992 0.992 0.902 0.106 0 0 0 0 0 0 0 0 0 0 0 
0 0 0 0 0 0 0 0 0 0 0 0.435 0.988 0.988 0.988 0.827 0 0 0 0 0 0 0 0 0 0 0 0 
0 0 0 0 0 0 0 0 0 0 0.0157 0.557 0.988 0.988 0.988 0.843 0.0588 0 0 0 0 0 0 0 0 0 0 0 
0 0 0 0 0 0 0 0 0 0 0.271 0.988 0.988 0.988 0.988 0.992 0.878 0.0549 0 0 0 0 0 0 0 0 0 0 
0 0 0 0 0 0 0 0 0 0 0.58 0.988 0.988 0.988 0.988 0.992 0.988 0.0824 0 0 0 0 0 0 0 0 0 0 
0 0 0 0 0 0 0 0 0 0 0.996 0.992 0.992 0.71 0.969 1 0.992 0.0824 0 0 0 0 0 0 0 0 0 0 
0 0 0 0 0 0 0 0 0 0.176 0.992 0.988 0.988 0.827 0.949 0.992 0.988 0.0824 0 0 0 0 0 0 0 0 0 0 
0 0 0 0 0 0 0 0 0 0 0.992 0.988 0.988 0.988 0.988 0.992 0.788 0.0431 0 0 0 0 0 0 0 0 0 0 
0 0 0 0 0 0 0 0 0 0 0.612 0.988 0.988 0.988 0.988 0.78 0.0824 0 0 0 0 0 0 0 0 0 0 0 
0 0 0 0 0 0 0 0 0 0 0.098 0.886 0.988 0.714 0.404 0.0706 0 0 0 0 0 0 0 0 0 0 0 0 
0 0 0 0 0 0 0 0 0 0 0 0 0 0 0 0 0 0 0 0 0 0 0 0 0 0 0 0 
0 0 0 0 0 0 0 0 0 0 0 0 0 0 0 0 0 0 0 0 0 0 0 0 0 0 0 0 
0 0 0 0 0 0 0 0 0 0 0 0 0 0 0 0 0 0 0 0 0 0 0 0 0 0 0 0 
7
0 0 0 0 0 0 0 0 0 0 0 0 0 0 0 0 0 0 0 0 0 0 0 0 0 0 0 0 
0 0 0 0 0 0 0 0 0 0 0 0 0 0 0 0 0 0 0 0 0 0 0 0 0 0 0 0 
0 0 0 0 0 0 0 0 0 0 0 0 0 0 0 0 0 0 0 0 0 0 0 0 0 0 0 0 
0 0 0 0 0 0 0 0 0 0 0 0 0 0 0 0 0 0 0 0 0 0 0 0 0 0 0 0 
0 0 0 0 0 0 0 0 0 0 0 0 0 0 0 0 0 0 0 0 0 0 0 0 0 0 0 0 
0 0 0 0 0 0 0 0 0 0 0 0 0 0 0 0 0 0 0 0 0 0 0 0 0 0 0 0 
0 0 0 0 0 0 0 0 0 0 0 0 0 0 0 0 0 0 0 0 0 0 0 0 0 0 0 0 
0 0 0 0.396 0.443 0.812 0.992 1 0.808 0.345 0 0 0 0 0 0 0 0 0 0 0 0 0 0 0 0 0 0 
0 0 0.576 0.976 0.988 0.988 0.988 0.992 0.988 0.965 0.882 0.573 0.188 0 0 0 0 0 0.114 0.333 0.298 0 0 0 0 0 0 0 
0 0 0.992 0.988 0.988 0.988 0.988 0.992 0.988 0.988 0.988 0.988 0.898 0.773 0.773 0.773 0.773 0.776 0.843 0.988 0.965 0.467 0 0 0 0 0 0 
0 0 0.573 0.875 0.753 0.388 0.875 0.992 0.988 0.988 0.988 0.988 0.992 0.988 0.988 0.988 0.988 0.992 0.988 0.988 0.988 0.988 0 0 0 0 0 0 
0 0 0 0 0 0 0 0.439 0.929 0.988 0.988 0.988 0.992 0.988 0.988 0.988 0.988 0.992 0.988 0.988 0.988 0.988 0 0 0 0 0 0 
0 0 0 0 0 0 0 0 0 0 0.373 0.549 1 0.992 0.992 0.992 0.992 1 0.992 0.992 0.992 0.992 0 0 0 0 0 0 
0 0 0 0 0 0 0 0 0 0 0 0 0.106 0.106 0.106 0.106 0.106 0.502 0.988 0.988 0.988 0.8 0 0 0 0 0 0 
0 0 0 0 0 0 0 0 0 0 0 0 0 0 0 0 0 0.871 0.988 0.988 0.988 0.439 0 0 0 0 0 0 
0 0 0 0 0 0 0 0 0 0 0 0 0 0 0 0 0 0.992 0.988 0.988 0.988 0.439 0 0 0 0 0 0 
0 0 0 0 0 0 0 0 0 0 0 0 0 0 0 0 0 0.992 0.988 0.988 0.988 0.439 0 0 0 0 0 0 
0 0 0 0 0 0 0 0 0 0 0 0 0 0 0 0 0.553 1 0.992 0.992 0.882 0 0 0 0 0 0 0 
0 0 0 0 0 0 0 0 0 0 0 0 0 0 0 0.102 0.941 0.992 0.988 0.988 0.388 0 0 0 0 0 0 0 
0 0 0 0 0 0 0 0 0 0 0 0 0 0 0 0.541 0.988 0.992 0.988 0.988 0.329 0 0 0 0 0 0 0 
0 0 0 0 0 0 0 0 0 0 0 0 0 0 0 0.663 0.988 0.992 0.988 0.839 0.11 0 0 0 0 0 0 0 
0 0 0 0 0 0 0 0 0 0 0 0 0 0 0.125 0.843 0.988 0.992 0.988 0.463 0 0 0 0 0 0 0 0 
0 0 0 0 0 0 0 0 0 0 0 0 0 0 0.471 0.992 0.992 1 0.843 0.122 0 0 0 0 0 0 0 0 
0 0 0 0 0 0 0 0 0 0 0 0 0 0.114 0.843 0.988 0.988 0.992 0.655 0 0 0 0 0 0 0 0 0 
0 0 0 0 0 0 0 0 0 0 0 0 0 0.333 0.988 0.988 0.988 0.992 0.533 0 0 0 0 0 0 0 0 0 
0 0 0 0 0 0 0 0 0 0 0 0 0 0.396 0.988 0.988 0.988 0.941 0.0941 0 0 0 0 0 0 0 0 0 
0 0 0 0 0 0 0 0 0 0 0 0 0 0.392 0.439 0.439 0.439 0.247 0 0 0 0 0 0 0 0 0 0 
0 0 0 0 0 0 0 0 0 0 0 0 0 0 0 0 0 0 0 0 0 0 0 0 0 0 0 0 
6
0 0 0 0 0 0 0 0 0 0 0 0 0 0 0 0 0 0 0 0 0 0 0 0 0 0 0 0 
0 0 0 0 0 0 0 0 0 0 0 0 0 0 0 0 0 0 0 0 0 0 0 0 0 0 0 0 
0 0 0 0 0 0 0 0 0 0 0 0 0 0 0 0 0 0 0 0 0 0 0 0 0 0 0 0 
0 0 0 0 0 0 0 0 0 0 0 0 0 0 0 0 0.161 0.839 0.992 0.839 0.0392 0 0 0 0 0 0 0 
0 0 0 0 0 0 0 0 0 0 0 0 0 0 0 0.639 0.953 0.753 0.592 0.992 0.357 0 0 0 0 0 0 0 
0 0 0 0 0 0 0 0 0 0 0 0 0 0.0431 0.678 0.957 0.478 0 0 0.596 0.514 0 0 0 0 0 0 0 
0 0 0 0 0 0 0 0 0 0 0 0 0 0.678 0.988 0.318 0 0 0 0.914 0.196 0 0 0 0 0 0 0 
0 0 0 0 0 0 0 0 0 0 0 0 0.482 0.957 0.478 0 0 0 0 0.878 0.0784 0 0 0 0 0 0 0 
0 0 0 0 0 0 0 0 0 0 0 0.482 0.953 0.478 0 0 0 0 0.322 0.478 0 0 0 0 0 0 0 0 
0 0 0 0 0 0 0 0 0 0 0.161 0.839 0.514 0 0 0 0 0 0 0 0 0 0 0 0 0 0 0 
0 0 0 0 0 0 0 0 0 0.0824 0.875 0.914 0.118 0 0 0 0 0 0 0 0 0 0 0 0 0 0 0 
0 0 0 0 0 0 0 0 0 0.839 0.914 0.322 0 0 0 0 0 0 0 0 0 0 0 0 0 0 0 0 
0 0 0 0 0 0 0 0 0.161 0.992 0.435 0 0 0 0 0 0 0 0 0 0 0 0 0 0 0 0 0 
0 0 0 0 0 0 0 0 0.482 0.957 0.157 0 0 0 0 0 0 0.122 0.2 0.2 0.122 0 0 0 0 0 0 0 
0 0 0 0 0 0 0 0.161 0.953 0.796 0 0 0 0 0.322 0.639 0.796 0.914 0.988 0.992 0.91 0.482 0 0 0 0 0 0 
0 0 0 0 0 0 0 0.204 0.992 0.4 0 0 0.322 0.839 0.992 0.957 0.796 0.4 0.4 0.4 0.718 0.996 0.196 0 0 0 0 0 
0 0 0 0 0 0 0 0.361 0.988 0.4 0.322 0.639 0.953 0.914 0.592 0.157 0 0 0 0 0 0.992 0.514 0 0 0 0 0 
0 0 0 0 0 0 0 0.518 0.992 0.839 0.992 0.878 0.478 0 0 0 0 0 0 0 0.0824 0.996 0.357 0 0 0 0 0 
0 0 0 0 0 0 0 0.2 0.988 0.992 0.988 0.635 0.0784 0 0 0 0 0 0 0.0824 0.796 0.914 0.118 0 0 0 0 0 
0 0 0 0 0 0 0 0.161 0.953 1 0.992 0.718 0.0784 0 0 0 0 0 0.0824 0.518 0.992 0.322 0 0 0 0 0 0 
0 0 0 0 0 0 0 0 0.157 0.835 0.988 0.718 0.4 0 0 0 0 0.243 0.635 0.992 0.831 0 0 0 0 0 0 0 
0 0 0 0 0 0 0 0 0 0.0824 0.557 0.996 0.992 0.996 0.675 0.839 0.992 0.996 0.992 0.557 0.0784 0 0 0 0 0 0 0 
0 0 0 0 0 0 0 0 0 0 0 0.278 0.592 0.675 0.988 0.992 0.671 0.357 0.196 0 0 0 0 0 0 0 0 0 
0 0 0 0 0 0 0 0 0 0 0 0 0 0 0 0 0 0 0 0 0 0 0 0 0 0 0 0 
0 0 0 0 0 0 0 0 0 0 0 0 0 0 0 0 0 0 0 0 0 0 0 0 0 0 0 0 
0 0 0 0 0 0 0 0 0 0 0 0 0 0 0 0 0 0 0 0 0 0 0 0 0 0 0 0 
0 0 0 0 0 0 0 0 0 0 0 0 0 0 0 0 0 0 0 0 0 0 0 0 0 0 0 0 
0 0 0 0 0 0 0 0 0 0 0 0 0 0 0 0 0 0 0 0 0 0 0 0 0 0 0 0 
2
0 0 0 0 0 0 0 0 0 0 0 0 0 0 0 0 0 0 0 0 0 0 0 0 0 0 0 0 
0 0 0 0 0 0 0 0 0 0 0 0 0 0 0 0 0 0 0 0 0 0 0 0 0 0 0 0 
0 0 0 0 0 0 0 0 0 0 0 0 0 0 0 0 0 0 0 0 0 0 0 0 0 0 0 0 
0 0 0 0 0 0 0 0 0 0 0 0 0 0 0 0 0 0 0 0 0 0 0 0 0 0 0 0 
0 0 0 0 0 0 0 0 0 0 0 0.176 0.616 0.659 0.827 1 0.996 0.996 0.824 0.0824 0 0 0 0 0 0 0 0 
0 0 0 0 0 0 0 0 0 0.0745 0.569 0.988 0.996 0.996 0.996 0.996 0.996 0.996 0.996 0.686 0 0 0 0 0 0 0 0 
0 0 0 0 0 0 0 0 0 0.663 0.996 0.996 0.843 0.533 0.373 0.373 0.373 0.643 0.996 0.925 0 0 0 0 0 0 0 0 
0 0 0 0 0 0 0 0 0.0902 0.941 0.576 0.051 0.0235 0 0 0 0 0.443 0.996 0.992 0.259 0 0 0 0 0 0 0 
0 0 0 0 0 0 0 0 0 0.259 0.294 0 0 0 0 0 0 0.443 0.996 0.953 0.11 0 0 0 0 0 0 0 
0 0 0 0 0 0 0 0 0 0 0 0 0 0 0 0 0 0.749 0.996 0.847 0 0 0 0 0 0 0 0 
0 0 0 0 0 0 0 0 0 0 0 0 0 0 0 0 0.184 0.973 0.996 0.588 0 0 0 0 0 0 0 0 
0 0 0 0 0 0 0 0 0 0 0 0 0 0 0 0 0.525 0.996 0.976 0.239 0 0 0 0 0 0 0 0 
0 0 0 0 0 0 0 0 0 0 0 0 0 0 0 0.298 0.969 0.996 0.616 0 0 0 0 0 0 0 0 0 
0 0 0 0 0 0 0 0 0 0 0 0 0 0 0.0275 0.678 0.996 0.886 0.169 0 0 0 0 0 0 0 0 0 
0 0 0 0 0 0 0 0 0 0 0 0 0 0 0.435 0.996 0.976 0.357 0 0 0 0 0 0 0 0 0 0 
0 0 0 0 0 0 0 0 0 0 0 0 0 0.349 0.902 0.996 0.553 0 0 0 0 0 0 0 0 0 0 0 
0 0 0 0 0 0 0 0 0 0 0 0 0.129 0.914 0.996 0.89 0.11 0 0 0 0 0 0 0 0 0 0 0 
0 0 0 0 0 0 0 0 0 0 0 0.243 0.847 0.996 0.945 0.357 0 0 0 0 0 0 0 0 0 0 0 0 
0 0 0 0 0 0 0 0 0 0 0.125 0.733 0.996 0.98 0.349 0 0 0 0 0 0 0 0 0 0 0 0 0 
0 0 0 0 0 0 0 0 0 0.0392 0.702 0.996 0.996 0.608 0.0118 0 0 0 0 0 0 0 0 0 0 0 0 0 
0 0 0 0 0 0 0 0 0.0314 0.71 0.996 0.996 0.996 0.996 0.773 0.682 0.392 0.125 0.0314 0 0 0 0 0 0 0 0 0 
0 0 0 0 0 0 0 0.114 0.741 0.996 0.996 0.996 0.996 0.996 0.996 0.996 0.996 0.996 0.875 0.192 0 0 0 0 0 0 0 0 
0 0 0 0 0 0 0 0.608 0.996 0.996 0.984 0.678 0.639 0.639 0.808 0.984 0.996 0.996 0.996 0.588 0 0 0 0 0 0 0 0 
0 0 0 0 0 0 0 0.404 0.973 0.604 0.141 0 0 0 0 0.153 0.361 0.804 0.824 0.192 0 0 0 0 0 0 0 0 
0 0 0 0 0 0 0 0 0 0 0 0 0 0 0 0 0 0 0 0 0 0 0 0 0 0 0 0 
0 0 0 0 0 0 0 0 0 0 0 0 0 0 0 0 0 0 0 0 0 0 0 0 0 0 0 0 
0 0 0 0 0 0 0 0 0 0 0 0 0 0 0 0 0 0 0 0 0 0 0 0 0 0 0 0 
0 0 0 0 0 0 0 0 0 0 0 0 0 0 0 0 0 0 0 0 0 0 0 0 0 0 0 0 
8
0 0 0 0 0 0 0 0 0 0 0 0 0 0 0 0 0 0 0 0 0 0 0 0 0 0 0 0 
0 0 0 0 0 0 0 0 0 0 0 0 0 0 0 0 0 0 0 0 0 0 0 0 0 0 0 0 
0 0 0 0 0 0 0 0 0 0 0 0 0 0 0 0 0 0 0 0 0 0 0 0 0 0 0 0 
0 0 0 0 0 0 0 0 0 0 0 0 0 0 0 0 0 0 0 0 0 0 0 0 0 0 0 0 
0 0 0 0 0 0 0 0 0 0 0 0 0 0 0.137 0.475 0.698 0.863 0.635 0.0784 0 0 0 0 0 0 0 0 
0 0 0 0 0 0 0 0 0 0 0 0 0 0.353 0.988 0.996 0.949 0.976 0.996 0.741 0 0 0 0 0 0 0 0 
0 0 0 0 0 0 0 0 0 0 0 0 0.565 0.98 0.965 0.361 0.0745 0.2 0.851 0.804 0 0 0 0 0 0 0 0 
0 0 0 0 0 0 0 0 0 0 0 0.471 0.973 0.957 0.173 0 0 0.286 0.996 0.659 0 0 0 0 0 0 0 0 
0 0 0 0 0 0 0 0 0 0 0.0314 0.89 0.996 0.29 0 0 0.0431 0.835 0.957 0.914 0.0784 0 0 0 0 0 0 0 
0 0 0 0 0 0 0 0 0 0 0.424 0.996 0.714 0.0118 0 0 0 0.0549 0.443 0.996 0.224 0 0 0 0 0 0 0 
0 0 0 0 0 0 0 0 0 0 0.835 0.996 0.345 0 0 0 0 0 0.129 0.996 0.482 0 0 0 0 0 0 0 
0 0 0 0 0 0 0 0 0 0 0.835 0.996 0.282 0 0 0 0 0.0275 0.667 0.996 0.294 0 0 0 0 0 0 0 
0 0 0 0 0 0 0 0 0 0 0.282 0.957 0.875 0.133 0 0 0.0196 0.467 0.996 0.749 0.0118 0 0 0 0 0 0 0 
0 0 0 0 0 0 0 0 0 0 0 0.765 0.996 0.976 0.651 0.969 0.969 0.996 0.91 0.0784 0 0 0 0 0 0 0 0 
0 0 0 0 0 0 0 0 0 0 0.0196 0.773 0.996 0.988 0.965 0.969 0.976 0.969 1 0.945 0.443 0 0 0 0 0 0 0 
0 0 0 0 0 0 0 0 0 0.0118 0.753 0.996 0.851 0.224 0 0 0.0941 0.0314 0.329 0.902 0.875 0.0706 0 0 0 0 0 0 
0 0 0 0 0 0 0 0 0 0.533 0.996 0.867 0.0549 0 0 0 0 0 0 0.247 0.996 0.451 0 0 0 0 0 0 
0 0 0 0 0 0 0 0 0.145 0.953 0.969 0.184 0 0 0 0 0 0 0 0.31 0.996 0.408 0 0 0 0 0 0 
0 0 0 0 0 0 0 0 0.71 0.996 0.592 0 0 0 0 0 0 0 0 0.639 0.965 0.106 0 0 0 0 0 0 
0 0 0 0 0 0 0 0 0.773 0.996 0.161 0 0 0 0 0 0 0 0.173 0.965 0.8 0 0 0 0 0 0 0 
0 0 0 0 0 0 0 0 0.773 0.996 0.161 0 0 0 0 0 0 0.0549 0.749 0.906 0.153 0 0 0 0 0 0 0 
0 0 0 0 0 0 0 0 0.584 0.996 0.686 0.0353 0 0 0 0 0.122 0.722 0.961 0.31 0 0 0 0 0 0 0 0 
0 0 0 0 0 0 0 0 0.0706 0.878 0.996 0.765 0.612 0.612 0.612 0.729 0.957 0.965 0.408 0 0 0 0 0 0 0 0 0 
0 0 0 0 0 0 0 0 0 0.18 0.682 0.996 0.996 0.996 0.996 0.561 0.333 0.0275 0 0 0 0 0 0 0 0 0 0 
0 0 0 0 0 0 0 0 0 0 0 0 0 0 0 0 0 0 0 0 0 0 0 0 0 0 0 0 
0 0 0 0 0 0 0 0 0 0 0 0 0 0 0 0 0 0 0 0 0 0 0 0 0 0 0 0 
0 0 0 0 0 0 0 0 0 0 0 0 0 0 0 0 0 0 0 0 0 0 0 0 0 0 0 0 
0 0 0 0 0 0 0 0 0 0 0 0 0 0 0 0 0 0 0 0 0 0 0 0 0 0 0 0 
1
0 0 0 0 0 0 0 0 0 0 0 0 0 0 0 0 0 0 0 0 0 0 0 0 0 0 0 0 
0 0 0 0 0 0 0 0 0 0 0 0 0 0 0 0 0 0 0 0 0 0 0 0 0 0 0 0 
0 0 0 0 0 0 0 0 0 0 0 0 0 0 0 0 0 0 0 0 0 0 0 0 0 0 0 0 
0 0 0 0 0 0 0 0 0 0 0 0 0 0 0 0 0 0 0 0 0 0 0 0 0 0 0 0 
0 0 0 0 0 0 0 0 0 0 0 0 0 0.145 0.996 0.49 0 0 0 0 0 0 0 0 0 0 0 0 
0 0 0 0 0 0 0 0 0 0 0 0 0 0.0235 0.871 0.855 0.0431 0 0 0 0 0 0 0 0 0 0 0 
0 0 0 0 0 0 0 0 0 0 0 0 0 0 0.855 1 0.141 0 0 0 0 0 0 0 0 0 0 0 
0 0 0 0 0 0 0 0 0 0 0 0 0 0 0.773 0.996 0.388 0 0 0 0 0 0 0 0 0 0 0 
0 0 0 0 0 0 0 0 0 0 0 0 0 0 0.647 0.996 0.427 0 0 0 0 0 0 0 0 0 0 0 
0 0 0 0 0 0 0 0 0 0 0 0 0 0 0.569 0.996 0.427 0 0 0 0 0 0 0 0 0 0 0 
0 0 0 0 0 0 0 0 0 0 0 0 0 0 0.569 1 0.627 0 0 0 0 0 0 0 0 0 0 0 
0 0 0 0 0 0 0 0 0 0 0 0 0 0 0.569 0.996 0.467 0 0 0 0 0 0 0 0 0 0 0 
0 0 0 0 0 0 0 0 0 0 0 0 0 0 0.612 1 0.427 0 0 0 0 0 0 0 0 0 0 0 
0 0 0 0 0 0 0 0 0 0 0 0 0 0 0.851 0.996 0.584 0 0 0 0 0 0 0 0 0 0 0 
0 0 0 0 0 0 0 0 0 0 0 0 0 0.0235 0.875 0.996 0.506 0 0 0 0 0 0 0 0 0 0 0 
0 0 0 0 0 0 0 0 0 0 0 0 0 0.145 0.992 0.996 0.345 0 0 0 0 0 0 0 0 0 0 0 
0 0 0 0 0 0 0 0 0 0 0 0 0 0.184 0.996 0.996 0.345 0 0 0 0 0 0 0 0 0 0 0 
0 0 0 0 0 0 0 0 0 0 0 0 0 0.427 0.992 0.996 0.345 0 0 0 0 0 0 0 0 0 0 0 
0 0 0 0 0 0 0 0 0 0 0 0 0 0.471 0.996 0.816 0 0 0 0 0 0 0 0 0 0 0 0 
0 0 0 0 0 0 0 0 0 0 0 0 0 0.792 0.992 0.569 0 0 0 0 0 0 0 0 0 0 0 0 
0 0 0 0 0 0 0 0 0 0 0 0 0 1 0.996 0.369 0 0 0 0 0 0 0 0 0 0 0 0 
0 0 0 0 0 0 0 0 0 0 0 0 0.165 0.996 0.992 0.286 0 0 0 0 0 0 0 0 0 0 0 0 
0 0 0 0 0 0 0 0 0 0 0 0 0.286 1 0.996 0.49 0 0 0 0 0 0 0 0 0 0 0 0 
0 0 0 0 0 0 0 0 0 0 0 0 0.125 0.996 0.992 0.49 0 0 0 0 0 0 0 0 0 0 0 0 
0 0 0 0 0 0 0 0 0 0 0 0 0 0 0 0 0 0 0 0 0 0 0 0 0 0 0 0 
0 0 0 0 0 0 0 0 0 0 0 0 0 0 0 0 0 0 0 0 0 0 0 0 0 0 0 0 
0 0 0 0 0 0 0 0 0 0 0 0 0 0 0 0 0 0 0 0 0 0 0 0 0 0 0 0 
0 0 0 0 0 0 0 0 0 0 0 0 0 0 0 0 0 0 0 0 0 0 0 0 0 0 0 0 
8
0 0 0 0 0 0 0 0 0 0 0 0 0 0 0 0 0 0 0 0 0 0 0 0 0 0 0 0 
0 0 0 0 0 0 0 0 0 0 0 0 0 0 0 0 0 0 0 0 0 0 0 0 0 0 0 0 
0 0 0 0 0 0 0 0 0 0 0 0 0 0 0 0 0 0 0 0 0 0 0 0 0 0 0 0 
0 0 0 0 0 0 0 0 0 0 0 0 0 0 0 0 0 0 0 0 0 0 0 0 0 0 0 0 
0 0 0 0 0 0 0 0 0 0 0 0 0 0 0 0 0 0 0 0 0 0 0 0 0 0 0 0 
0 0 0 0 0 0 0 0 0 0 0 0.416 0.49 0.098 0 0 0.353 0.49 0.827 1 0.945 0.451 0 0 0 0 0 0 
0 0 0 0 0 0 0 0 0 0 0.188 0.922 0.992 0.976 0.973 0.973 0.988 0.992 0.992 0.992 0.992 0.953 0.2 0 0 0 0 0 
0 0 0 0 0 0 0 0 0 0 0 0.361 0.992 0.992 0.992 0.992 0.992 0.992 0.992 0.992 0.992 0.961 0.243 0 0 0 0 0 
0 0 0 0 0 0 0 0 0 0 0 0.0275 0.62 0.992 0.992 0.992 0.329 0.149 0.824 0.992 0.992 0.918 0 0 0 0 0 0 
0 0 0 0 0 0 0 0 0 0 0 0 0.0314 0.812 0.992 0.992 0.553 0.757 0.992 0.992 0.953 0.302 0 0 0 0 0 0 
0 0 0 0 0 0 0 0 0 0 0 0 0 0.102 0.612 0.992 0.992 0.992 0.992 0.761 0.31 0 0 0 0 0 0 0 
0 0 0 0 0 0 0 0 0 0 0 0 0 0.267 0.765 0.992 0.992 0.933 0.322 0.0549 0 0 0 0 0 0 0 0 
0 0 0 0 0 0 0 0 0 0 0 0 0.416 0.957 0.992 0.992 0.992 0.812 0 0 0 0 0 0 0 0 0 0 
0 0 0 0 0 0 0 0 0 0 0 0.412 0.957 0.992 0.992 0.847 0.992 0.863 0.0941 0 0 0 0 0 0 0 0 0 
0 0 0 0 0 0 0 0 0 0 0.412 0.961 0.992 0.788 0.345 0.11 0.78 0.992 0.463 0 0 0 0 0 0 0 0 0 
0 0 0 0 0 0 0 0 0 0.408 0.961 0.992 0.922 0.157 0 0 0.718 0.992 0.839 0 0 0 0 0 0 0 0 0 
0 0 0 0 0 0 0 0 0.0863 0.914 0.992 0.925 0.282 0 0 0 0.718 0.992 0.839 0 0 0 0 0 0 0 0 0 
0 0 0 0 0 0 0 0 0.502 0.992 0.992 0.569 0 0 0 0 0.718 0.992 0.839 0 0 0 0 0 0 0 0 0 
0 0 0 0 0 0 0 0.294 0.969 0.992 0.753 0.051 0 0 0 0 0.718 0.992 0.761 0 0 0 0 0 0 0 0 0 
0 0 0 0 0 0 0 0.765 0.992 0.992 0.306 0 0 0 0 0.149 0.894 0.992 0.329 0 0 0 0 0 0 0 0 0 
0 0 0 0 0 0 0 0.945 0.992 0.757 0.0471 0 0 0 0.0275 0.573 0.992 0.882 0.125 0 0 0 0 0 0 0 0 0 
0 0 0 0 0 0 0 0.945 0.992 0.608 0 0 0 0.0627 0.576 0.992 0.992 0.773 0 0 0 0 0 0 0 0 0 0 
0 0 0 0 0 0 0 0.945 0.992 0.827 0.561 0.561 0.561 0.906 0.992 0.98 0.573 0.133 0 0 0 0 0 0 0 0 0 0 
0 0 0 0 0 0 0 0.659 0.992 0.992 0.992 0.992 0.992 0.992 0.839 0.353 0 0 0 0 0 0 0 0 0 0 0 0 
0 0 0 0 0 0 0 0 0.451 0.941 0.992 0.992 0.992 0.584 0.11 0 0 0 0 0 0 0 0 0 0 0 0 0 
0 0 0 0 0 0 0 0 0 0 0 0 0 0 0 0 0 0 0 0 0 0 0 0 0 0 0 0 
0 0 0 0 0 0 0 0 0 0 0 0 0 0 0 0 0 0 0 0 0 0 0 0 0 0 0 0 
0 0 0 0 0 0 0 0 0 0 0 0 0 0 0 0 0 0 0 0 0 0 0 0 0 0 0 0 
6
0 0 0 0 0 0 0 0 0 0 0 0 0 0 0 0 0 0 0 0 0 0 0 0 0 0 0 0 
0 0 0 0 0 0 0 0 0 0 0 0 0 0 0 0 0 0 0 0 0 0 0 0 0 0 0 0 
0 0 0 0 0 0 0 0 0 0 0 0 0 0 0 0 0 0 0.384 1 0.439 0 0 0 0 0 0 0 
0 0 0 0 0 0 0 0 0 0 0 0 0 0 0 0 0 0.384 0.992 0.906 0.0667 0 0 0 0 0 0 0 
0 0 0 0 0 0 0 0 0 0 0 0 0 0 0 0 0.494 0.98 0.992 0.314 0 0 0 0 0 0 0 0 
0 0 0 0 0 0 0 0 0 0 0 0 0 0 0 0.396 0.976 0.996 0.58 0 0 0 0 0 0 0 0 0 
0 0 0 0 0 0 0 0 0 0 0 0 0 0 0.165 0.925 0.996 0.675 0.00784 0 0 0 0 0 0 0 0 0 
0 0 0 0 0 0 0 0 0 0 0 0 0 0.0353 0.827 0.996 0.749 0.0275 0 0 0 0 0 0 0 0 0 0 
0 0 0 0 0 0 0 0 0 0 0 0 0.00392 0.627 0.996 0.922 0.0824 0 0 0 0 0 0 0 0 0 0 0 
0 0 0 0 0 0 0 0 0 0 0 0 0.408 0.996 0.996 0.353 0 0 0 0 0 0 0 0 0 0 0 0 
0 0 0 0 0 0 0 0 0 0 0 0.149 0.922 0.996 0.706 0.0392 0 0 0 0 0 0 0 0 0 0 0 0 
0 0 0 0 0 0 0 0 0 0 0 0.635 0.996 0.996 0.204 0 0 0 0 0 0 0 0 0 0 0 0 0 
0 0 0 0 0 0 0 0 0 0 0.31 0.992 0.996 0.839 0.165 0 0 0 0 0 0 0 0 0 0 0 0 0 
0 0 0 0 0 0 0 0 0 0 0.784 0.996 0.859 0.137 0.408 0.569 0.851 0.886 0.776 0.427 0 0 0 0 0 0 0 0 
0 0 0 0 0 0 0 0 0 0.522 0.992 0.996 0.749 0.882 0.996 0.996 0.996 0.996 0.996 0.988 0.714 0 0 0 0 0 0 0 
0 0 0 0 0 0 0 0 0 0.667 0.996 0.996 0.996 0.992 0.863 0.431 0.149 0.416 0.455 0.996 0.992 0.196 0 0 0 0 0 0 
0 0 0 0 0 0 0 0 0.165 0.961 0.996 0.996 0.976 0.353 0 0 0 0 0.412 0.996 0.984 0.263 0 0 0 0 0 0 
0 0 0 0 0 0 0 0 0.506 0.996 0.996 0.906 0.549 0.141 0 0 0.0745 0.518 0.992 0.996 0.686 0 0 0 0 0 0 0 
0 0 0 0 0 0 0 0 0.506 0.996 0.996 0.294 0 0 0.141 0.443 0.882 0.996 0.988 0.667 0.0471 0 0 0 0 0 0 0 
0 0 0 0 0 0 0 0 0.506 0.996 0.996 0.247 0.224 0.498 0.965 0.996 0.996 0.855 0.247 0 0 0 0 0 0 0 0 0 
0 0 0 0 0 0 0 0 0.271 0.961 0.996 0.996 0.996 0.996 0.996 0.937 0.365 0.0353 0 0 0 0 0 0 0 0 0 0 
0 0 0 0 0 0 0 0 0 0.396 0.973 0.996 0.996 0.757 0.427 0.0863 0 0 0 0 0 0 0 0 0 0 0 0 
0 0 0 0 0 0 0 0 0 0 0 0 0 0 0 0 0 0 0 0 0 0 0 0 0 0 0 0 
0 0 0 0 0 0 0 0 0 0 0 0 0 0 0 0 0 0 0 0 0 0 0 0 0 0 0 0 
0 0 0 0 0 0 0 0 0 0 0 0 0 0 0 0 0 0 0 0 0 0 0 0 0 0 0 0 
0 0 0 0 0 0 0 0 0 0 0 0 0 0 0 0 0 0 0 0 0 0 0 0 0 0 0 0 
0 0 0 0 0 0 0 0 0 0 0 0 0 0 0 0 0 0 0 0 0 0 0 0 0 0 0 0 
0 0 0 0 0 0 0 0 0 0 0 0 0 0 0 0 0 0 0 0 0 0 0 0 0 0 0 0 
6
0 0 0 0 0 0 0 0 0 0 0 0 0 0 0 0 0 0 0 0 0 0 0 0 0 0 0 0 
0 0 0 0 0 0 0 0 0 0 0 0 0 0.584 0.0902 0 0 0 0 0 0 0 0 0 0 0 0 0 
0 0 0 0 0 0 0 0 0 0 0 0 0.325 0.996 0.133 0 0 0 0 0 0 0 0 0 0 0 0 0 
0 0 0 0 0 0 0 0 0 0 0 0 0.561 0.871 0.051 0 0 0 0 0 0 0 0 0 0 0 0 0 
0 0 0 0 0 0 0 0 0 0 0 0 0.769 0.475 0 0 0 0 0 0 0 0 0 0 0 0 0 0 
0 0 0 0 0 0 0 0 0 0 0 0.231 0.957 0.373 0 0 0 0 0 0 0 0 0 0 0 0 0 0 
0 0 0 0 0 0 0 0 0 0 0 0.576 0.945 0.0902 0 0 0 0 0 0 0 0 0 0 0 0 0 0 
0 0 0 0 0 0 0 0 0 0 0 0.882 0.702 0 0 0 0 0 0 0 0 0 0 0 0 0 0 0 
0 0 0 0 0 0 0 0 0 0 0.0549 0.933 0.439 0 0 0 0 0 0 0 0 0 0 0 0 0 0 0 
0 0 0 0 0 0 0 0 0 0 0.322 0.996 0.376 0 0 0 0 0 0 0 0 0 0 0 0 0 0 0 
0 0 0 0 0 0 0 0 0 0 0.592 0.996 0.216 0 0 0 0 0 0 0 0 0 0 0 0 0 0 0 
0 0 0 0 0 0 0 0 0 0 0.592 0.996 0.102 0 0 0 0 0 0 0 0 0 0 0 0 0 0 0 
0 0 0 0 0 0 0 0 0 0 0.592 0.804 0.0196 0 0 0 0 0 0 0 0 0 0 0 0 0 0 0 
0 0 0 0 0 0 0 0 0 0 0.592 0.761 0 0 0 0 0 0.106 0.729 0.796 0.651 0.118 0 0 0 0 0 0 
0 0 0 0 0 0 0 0 0 0 0.592 0.867 0.0471 0 0 0 0.051 0.761 0.996 0.929 0.996 0.255 0 0 0 0 0 0 
0 0 0 0 0 0 0 0 0 0 0.592 0.996 0.247 0 0 0 0.494 0.988 0.718 0.416 0.992 0.231 0 0 0 0 0 0 
0 0 0 0 0 0 0 0 0 0 0.239 0.965 0.463 0 0 0.0941 0.816 0.584 0 0.467 0.773 0 0 0 0 0 0 0 
0 0 0 0 0 0 0 0 0 0 0 0.784 0.937 0.235 0 0.643 0.937 0.114 0.239 0.941 0.557 0 0 0 0 0 0 0 
0 0 0 0 0 0 0 0 0 0 0 0.443 0.984 0.941 0.596 0.957 0.788 0.533 0.941 0.831 0.149 0 0 0 0 0 0 0 
0 0 0 0 0 0 0 0 0 0 0 0 0.365 0.941 0.996 0.996 0.996 0.988 0.784 0.173 0 0 0 0 0 0 0 0 
0 0 0 0 0 0 0 0 0 0 0 0 0 0 0.635 0.824 0.376 0.169 0 0 0 0 0 0 0 0 0 0 
0 0 0 0 0 0 0 0 0 0 0 0 0 0 0 0 0 0 0 0 0 0 0 0 0 0 0 0 
0 0 0 0 0 0 0 0 0 0 0 0 0 0 0 0 0 0 0 0 0 0 0 0 0 0 0 0 
0 0 0 0 0 0 0 0 0 0 0 0 0 0 0 0 0 0 0 0 0 0 0 0 0 0 0 0 
0 0 0 0 0 0 0 0 0 0 0 0 0 0 0 0 0 0 0 0 0 0 0 0 0 0 0 0 
0 0 0 0 0 0 0 0 0 0 0 0 0 0 0 0 0 0 0 0 0 0 0 0 0 0 0 0 
0 0 0 0 0 0 0 0 0 0 0 0 0 0 0 0 0 0 0 0 0 0 0 0 0 0 0 0 
0 0 0 0 0 0 0 0 0 0 0 0 0 0 0 0 0 0 0 0 0 0 0 0 0 0 0 0 
8
0 0 0 0 0 0 0 0 0 0 0 0 0 0 0 0 0 0 0 0 0 0 0 0 0 0 0 0 
0 0 0 0 0 0 0 0 0 0 0 0 0 0 0 0 0 0 0 0 0 0 0 0 0 0 0 0 
0 0 0 0 0 0 0 0 0 0 0 0 0 0 0 0 0 0 0 0 0 0 0 0 0 0 0 0 
0 0 0 0 0 0 0 0 0 0 0 0 0 0 0 0 0 0 0 0 0 0 0 0 0 0 0 0 
0 0 0 0 0 0 0 0 0 0 0 0 0 0 0 0 0 0 0 0 0 0 0 0 0 0 0 0 
0 0 0 0 0 0 0 0 0 0 0 0.0275 0.314 0.424 0.592 0.835 0.996 1 1 0.612 0.125 0 0 0 0 0 0 0 
0 0 0 0 0 0 0 0 0 0 0 0.522 0.996 0.996 0.914 0.733 0.655 0.612 0.749 0.996 0.788 0.0196 0 0 0 0 0 0 
0 0 0 0 0 0 0 0 0 0 0 0.78 0.996 0.996 0.129 0 0 0 0.00784 0.643 0.996 0.102 0 0 0 0 0 0 
0 0 0 0 0 0 0 0 0 0 0.106 0.894 0.996 0.953 0.0902 0 0 0 0 0.525 0.996 0.361 0 0 0 0 0 0 
0 0 0 0 0 0 0 0 0 0.0196 0.659 0.996 0.651 0.118 0 0 0 0 0 0.769 0.996 0.0863 0 0 0 0 0 0 
0 0 0 0 0 0 0 0 0 0.353 0.996 0.894 0.0431 0 0 0 0 0 0.184 0.976 0.949 0.0588 0 0 0 0 0 0 
0 0 0 0 0 0 0 0 0.0941 0.98 0.996 0.918 0.165 0 0 0 0 0.0549 0.773 0.996 0.42 0 0 0 0 0 0 0 
0 0 0 0 0 0 0 0 0.0549 0.722 0.996 0.996 0.914 0.4 0.0235 0 0.051 0.675 0.996 0.745 0.051 0 0 0 0 0 0 0 
0 0 0 0 0 0 0 0 0 0.0275 0.325 0.835 0.988 0.996 0.635 0.349 0.871 0.996 0.757 0.051 0 0 0 0 0 0 0 0 
0 0 0 0 0 0 0 0 0 0 0 0 0.282 0.961 0.996 0.996 0.957 0.529 0.0471 0 0 0 0 0 0 0 0 0 
0 0 0 0 0 0 0 0 0 0 0 0 0.0157 0.82 0.996 0.996 0.875 0.0902 0 0 0 0 0 0 0 0 0 0 
0 0 0 0 0 0 0 0 0 0 0 0.204 0.851 0.996 0.922 0.631 0.98 0.835 0.0706 0 0 0 0 0 0 0 0 0 
0 0 0 0 0 0 0 0 0 0 0.114 0.847 0.996 0.675 0.106 0 0.392 0.992 0.486 0 0 0 0 0 0 0 0 0 
0 0 0 0 0 0 0 0 0 0.0235 0.667 0.996 0.745 0.0824 0 0 0 0.596 0.984 0.235 0 0 0 0 0 0 0 0 
0 0 0 0 0 0 0 0 0 0.38 0.996 0.886 0.125 0 0 0 0 0.408 0.996 0.333 0 0 0 0 0 0 0 0 
0 0 0 0 0 0 0 0 0.0667 0.91 0.992 0.392 0 0 0 0.0118 0.306 0.867 0.996 0.314 0 0 0 0 0 0 0 0 
0 0 0 0 0 0 0 0 0.102 0.996 0.957 0.161 0 0.145 0.369 0.8 0.996 0.973 0.58 0.0118 0 0.0314 0.306 0 0 0 0 0 
0 0 0 0 0 0 0 0 0.0118 0.643 0.996 0.945 0.898 0.973 0.996 0.949 0.596 0.176 0 0 0 0.0588 0.808 0 0 0 0 0 
0 0 0 0 0 0 0 0 0 0.0627 0.451 0.773 0.835 0.702 0.545 0.302 0 0 0 0 0 0.0588 0.675 0 0 0 0 0 
0 0 0 0 0 0 0 0 0 0 0 0 0 0 0 0 0 0 0 0 0 0.0588 0.769 0 0 0 0 0 
0 0 0 0 0 0 0 0 0 0 0 0 0 0 0 0 0 0 0 0 0 0 0 0 0 0 0 0 
0 0 0 0 0 0 0 0 0 0 0 0 0 0 0 0 0 0 0 0 0 0 0 0 0 0 0 0 
0 0 0 0 0 0 0 0 0 0 0 0 0 0 0 0 0 0 0 0 0 0 0 0 0 0 0 0 
7
0 0 0 0 0 0 0 0 0 0 0 0 0 0 0 0 0 0 0 0 0 0 0 0 0 0 0 0 
0 0 0 0 0 0 0 0 0 0 0 0 0 0 0 0 0 0 0 0 0 0 0 0 0 0 0 0 
0 0 0 0 0 0 0 0 0 0 0 0 0 0 0 0 0 0 0 0 0 0 0 0 0 0 0 0 
0 0 0 0 0 0 0 0 0 0 0 0 0 0 0 0 0 0 0 0 0 0 0 0 0 0 0 0 
0 0 0 0 0 0 0 0 0 0 0 0 0 0 0 0 0 0 0 0 0 0 0 0 0 0 0 0 
0 0 0 0 0 0 0 0 0 0 0 0 0 0 0 0 0 0 0 0 0 0 0 0 0 0 0 0 
0 0 0 0 0 0 0.839 0.996 0.863 0 0.239 0.694 0.706 1 0.894 0.463 0.447 0.227 0.212 0.463 0.098 0 0 0 0 0 0 0 
0 0 0 0 0 0 0.341 0.992 0.98 0.918 0.957 0.992 0.992 0.992 0.992 0.992 0.992 0.953 0.953 0.992 0.42 0 0 0 0 0 0 0 
0 0 0 0 0 0 0.0471 0.565 0.694 0.694 0.694 0.694 0.694 0.694 0.914 0.831 0.992 0.992 0.992 0.992 0.749 0 0 0 0 0 0 0 
0 0 0 0 0 0 0 0 0 0 0 0 0 0 0.176 0.11 0.239 0.239 0.839 0.992 0.749 0 0 0 0 0 0 0 
0 0 0 0 0 0 0 0 0 0 0 0 0 0 0 0 0 0 0.408 0.992 0.914 0.2 0 0 0 0 0 0 
0 0 0 0 0 0 0 0 0 0 0 0 0 0 0 0 0 0 0.725 0.992 0.847 0.118 0 0 0 0 0 0 
0 0 0 0 0 0 0 0 0 0 0 0 0 0 0 0 0 0 0.945 0.992 0.749 0 0 0 0 0 0 0 
0 0 0 0 0 0 0 0 0 0 0 0 0 0 0 0 0 0.478 0.992 0.992 0.749 0 0 0 0 0 0 0 
0 0 0 0 0 0 0 0 0 0 0 0 0 0 0 0 0 0.49 0.992 0.992 0.267 0 0 0 0 0 0 0 
0 0 0 0 0 0 0 0 0 0 0 0 0 0 0 0 0.173 0.898 0.992 0.729 0.0392 0 0 0 0 0 0 0 
0 0 0 0 0 0 0 0 0 0 0 0 0 0 0 0.184 0.878 0.992 0.992 0.275 0 0 0 0 0 0 0 0 
0 0 0 0 0 0 0 0 0 0 0 0 0 0 0.0235 0.682 0.992 0.992 0.729 0.0471 0 0 0 0 0 0 0 0 
0 0 0 0 0 0 0 0 0 0 0 0 0 0.00784 0.502 0.992 0.992 0.98 0.282 0 0 0 0 0 0 0 0 0 
0 0 0 0 0 0 0 0 0 0 0 0 0 0.271 0.992 0.992 0.98 0.263 0 0 0 0 0 0 0 0 0 0 
0 0 0 0 0 0 0 0 0 0 0 0 0.337 0.957 0.992 0.992 0.455 0 0 0 0 0 0 0 0 0 0 0 
0 0 0 0 0 0 0 0 0 0 0 0 0.82 0.992 0.992 0.722 0.0588 0 0 0 0 0 0 0 0 0 0 0 
0 0 0 0 0 0 0 0 0 0 0 0.475 0.973 0.992 0.71 0.0745 0 0 0 0 0 0 0 0 0 0 0 0 
0 0 0 0 0 0 0 0 0.0235 0.486 0.702 0.988 0.992 0.714 0.0784 0 0 0 0 0 0 0 0 0 0 0 0 0 
0 0 0 0 0 0 0 0.137 0.671 0.992 0.992 0.992 0.773 0.0706 0 0 0 0 0 0 0 0 0 0 0 0 0 0 
0 0 0 0 0 0 0 0.51 0.992 0.992 0.992 0.757 0.294 0 0 0 0 0 0 0 0 0 0 0 0 0 0 0 
0 0 0 0 0 0 0 0 0 0 0 0 0 0 0 0 0 0 0 0 0 0 0 0 0 0 0 0 
0 0 0 0 0 0 0 0 0 0 0 0 0 0 0 0 0 0 0 0 0 0 0 0 0 0 0 0 
5
0 0 0 0 0 0 0 0 0 0 0 0 0 0 0 0 0 0 0 0 0 0 0 0 0 0 0 0 
0 0 0 0 0 0 0 0 0 0 0 0 0 0 0 0 0 0 0 0 0 0 0 0 0 0 0 0 
0 0 0 0 0 0 0 0 0 0 0 0 0 0 0 0 0 0 0 0 0 0 0 0 0 0 0 0 
0 0 0 0 0 0 0 0 0 0 0 0 0 0 0 0 0 0 0 0 0 0 0 0 0 0 0 0 
0 0 0 0 0 0 0 0 0 0 0 0 0 0 0 0 0 0 0 0 0 0 0 0 0 0 0 0 
0 0 0 0 0 0 0 0 0 0 0 0 0 0 0 0 0 0 0 0 0 0 0 0 0 0 0 0 
0 0 0 0 0 0 0 0 0 0 0.0902 0.937 0.706 0.00784 0.0118 0.337 0.357 0.357 0.357 0.357 0.357 0.357 0.357 0.18 0.137 0.00392 0 0 
0 0 0 0 0 0 0 0 0 0 0.153 0.996 0.996 0.655 0.416 0.996 0.996 0.996 0.996 0.996 0.996 0.996 0.996 0.996 0.851 0.0392 0 0 
0 0 0 0 0 0 0 0 0 0 0.659 0.996 0.871 0.212 0.235 0.486 0.565 0.576 0.576 0.576 0.576 0.576 0.412 0.255 0.0275 0 0 0 
0 0 0 0 0 0 0 0 0 0.0784 0.875 0.996 0.655 0.0314 0 0 0 0 0 0 0 0 0 0 0 0 0 0 
0 0 0 0 0 0 0 0 0 0.0667 0.922 0.996 0.263 0 0 0 0 0 0 0 0 0 0 0 0 0 0 0 
0 0 0 0 0 0 0 0 0 0.0667 0.922 0.91 0.0784 0 0 0 0 0 0 0 0 0 0 0 0 0 0 0 
0 0 0 0 0 0 0 0 0 0.098 0.996 0.871 0.0392 0 0 0 0 0 0 0 0 0 0 0 0 0 0 0 
0 0 0 0 0 0 0 0 0 0.576 0.996 0.745 0.0157 0 0 0 0 0 0 0 0 0 0 0 0 0 0 0 
0 0 0 0 0 0 0 0 0.0431 0.792 0.996 0.792 0.0549 0 0 0 0 0 0 0 0 0 0 0 0 0 0 0 
0 0 0 0 0 0 0 0 0.0471 0.914 0.996 0.667 0.325 0.396 0.643 0.643 0.537 0 0 0 0 0 0 0 0 0 0 0 
0 0 0 0 0 0 0 0 0.0471 0.914 0.996 0.996 0.996 0.996 0.996 0.996 1 0.875 0.22 0 0 0 0 0 0 0 0 0 
0 0 0 0 0 0 0 0 0.0627 0.976 0.996 0.996 0.961 0.753 0.608 0.608 0.816 0.996 0.631 0.0196 0 0 0 0 0 0 0 0 
0 0 0 0 0 0 0 0 0.0235 0.655 0.91 0.318 0.125 0 0 0 0 0.863 0.996 0.255 0 0 0 0 0 0 0 0 
0 0 0 0 0 0 0 0 0 0.0235 0.125 0 0 0 0 0 0 0.573 0.996 0.361 0 0 0 0 0 0 0 0 
0 0 0 0 0 0 0 0 0 0 0 0 0 0 0 0 0.0549 0.729 0.984 0.322 0 0 0 0 0 0 0 0 
0 0 0 0 0 0 0 0 0 0 0 0 0 0 0 0 0.49 0.996 0.659 0 0 0 0 0 0 0 0 0 
0 0 0 0 0 0 0 0 0 0 0 0 0 0 0 0.4 0.949 0.804 0.173 0 0 0 0 0 0 0 0 0 
0 0 0 0 0 0 0 0 0 0 0 0 0 0.145 0.549 0.969 0.91 0.271 0 0 0 0 0 0 0 0 0 0 
0 0 0 0 0 0 0 0 0 0 0 0.141 0.357 0.925 0.996 0.722 0.165 0 0 0 0 0 0 0 0 0 0 0 
0 0 0 0 0 0 0 0 0.149 0.643 0.894 0.98 0.996 0.996 0.537 0.00392 0 0 0 0 0 0 0 0 0 0 0 0 
0 0 0 0 0 0 0 0 0 0 0 0 0 0 0 0 0 0 0 0 0 0 0 0 0 0 0 0 
0 0 0 0 0 0 0 0 0 0 0 0 0 0 0 0 0 0 0 0 0 0 0 0 0 0 0 0 
