Examples 1
1
0 0 0 0 0 0 0 0 0 0 0 0 0 0 0 0 0 0 0 0 0 0 0 0 0 0 0 0 
0 0 0 0 0 0 0 0 0 0 0 0 0 0 0 0 0 0 0 0 0 0 0 0 0 0 0 0 
0 0 0 0 0 0 0 0 0 0 0 0 0 0 0 0 0 0 0 0 0 0 0 0 0 0 0 0 
0 0 0 0 0 0 0 0 0 0 0 0 0 0 0 0 0 0 0 0 0 0 0 0 0 0 0 0 
0 0 0 0 0 0 0 0 0 0 0 0 0 0 0 0 0 0 0 0 0 0 0 0 0 0 0 0 
0 0 0 0 0 0 0 0 0 0 0 0 0 0 0 0 0 0 0 0 0.263 0.91 0.153 0 0 0 0 0 
0 0 0 0 0.243 0.318 0 0 0 0 0 0 0 0 0 0 0 0 0 0 0.471 0.706 0.153 0 0 0 0 0 
0 0 0 0 0.494 0.639 0 0 0 0 0 0 0 0 0 0 0 0 0 0.00784 0.6 0.824 0.157 0 0 0 0 0 
0 0 0 0 0.863 0.639 0 0 0 0 0 0 0 0 0 0 0 0 0 0.106 0.996 0.635 0 0 0 0 0 0 
0 0 0 0 0.871 0.639 0 0 0 0 0 0 0 0 0 0 0 0 0 0.718 0.996 0.49 0 0 0 0 0 0 
0 0 0 0.18 0.961 0.639 0 0 0 0 0 0 0 0 0 0 0 0 0 0.776 0.996 0.22 0 0 0 0 0 0 
0 0 0 0.471 0.996 0.639 0 0 0 0 0 0 0 0 0 0 0 0 0.0902 0.906 0.996 0.114 0 0 0 0 0 0 
0 0 0 0.624 0.996 0.471 0 0 0 0 0 0 0 0 0 0 0 0 0.639 0.996 0.847 0.0627 0 0 0 0 0 0 
0 0 0 0.624 0.996 0.263 0 0 0 0 0 0 0 0 0 0.0549 0.337 0.698 0.973 0.996 0.357 0 0 0 0 0 0 0 
0 0 0 0.624 0.996 0.333 0 0 0 0.184 0.192 0.455 0.565 0.588 0.945 0.953 0.918 0.702 0.945 0.988 0.157 0 0 0 0 0 0 0 
0 0 0 0.588 0.992 0.929 0.812 0.812 0.812 0.992 0.996 0.98 0.941 0.776 0.561 0.357 0.11 0.0196 0.914 0.98 0 0 0 0 0 0 0 0 
0 0 0 0 0.467 0.694 0.694 0.694 0.694 0.694 0.384 0.22 0 0 0 0 0 0.4 0.996 0.863 0 0 0 0 0 0 0 0 
0 0 0 0 0 0 0 0 0 0 0 0 0 0 0 0 0 0.663 0.996 0.537 0 0 0 0 0 0 0 0 
0 0 0 0 0 0 0 0 0 0 0 0 0 0 0 0 0 0.663 0.996 0.224 0 0 0 0 0 0 0 0 
0 0 0 0 0 0 0 0 0 0 0 0 0 0 0 0 0 0.663 0.996 0.224 0 0 0 0 0 0 0 0 
0 0 0 0 0 0 0 0 0 0 0 0 0 0 0 0 0 0.663 1 0.369 0 0 0 0 0 0 0 0 
0 0 0 0 0 0 0 0 0 0 0 0 0 0 0 0 0 0.663 0.996 0.376 0 0 0 0 0 0 0 0 
0 0 0 0 0 0 0 0 0 0 0 0 0 0 0 0 0 0.663 0.996 0.6 0 0 0 0 0 0 0 0 
0 0 0 0 0 0 0 0 0 0 0 0 0 0 0 0 0 0.663 1 0.6 0 0 0 0 0 0 0 0 
0 0 0 0 0 0 0 0 0 0 0 0 0 0 0 0 0 0.376 0.996 0.6 0 0 0 0 0 0 0 0 
0 0 0 0 0 0 0 0 0 0 0 0 0 0 0 0 0 0 0 0 0 0 0 0 0 0 0 0 
0 0 0 0 0 0 0 0 0 0 0 0 0 0 0 0 0 0 0 0 0 0 0 0 0 0 0 0 
0 0 0 0 0 0 0 0 0 0 0 0 0 0 0 0 0 0 0 0 0 0 0 0 0 0 0 0 